150.014889
150.925845
151.034441
151.142894
151.251206
151.359375
151.467402
151.575287
152.489854
152.598026
152.706055
153.622480
153.730791
153.838959
154.757229
154.865674
154.973975
155.894077
156.002652
156.111080
156.219361
156.327495
156.435482
157.358652
157.466906
157.575013
158.499981
158.608349
158.716569
159.643323
159.751800
159.860127
159.968304
160.897235
161.005664
161.113942
161.222069
161.330044
162.261530
162.369751
162.477820
163.411044
163.519354
163.627511
164.562460
164.670854
164.779093
165.715755
165.824227
165.932542
166.870905
166.979449
167.087835
167.196065
167.304137
167.412053
168.353242
168.461378
168.569356
169.512210
169.620404
170.564539
170.672945
170.781190
171.726968
171.835422
171.943714
172.891121
172.999617
173.107950
173.216120
173.324128
174.273875
174.382079
174.490120
175.441465
175.549698
175.657765
176.610695
176.718951
177.673103
177.781542
177.889815
178.845529
178.953982
179.910902
180.019530
180.127989
180.236278
180.344399
181.303540
181.411829
181.519948
182.480610
182.588894
183.550730
183.659175
183.767448
184.730782
184.839211
185.803704
185.912286
186.020693
186.128925
186.236983
187.203597
187.311800
187.419828
188.387898
188.496067
189.465264
189.573571
190.543890
190.652331
190.760593
191.732335
191.840726
192.813573
192.922090
193.896034
194.004674
194.113131
194.221406
194.329499
195.305433
195.413641
196.390651
196.498971
197.477050
197.585478
197.693721
198.673151
198.781497
199.761980
199.870426
200.851953
200.960496
201.068849
201.177013
202.160141
202.268396
202.376460
203.360891
203.469041
204.454487
204.562720
205.549175
205.657486
206.644944
206.753329
207.741782
207.850238
208.839679
208.948202
209.938624
210.047211
210.155600
210.263792
211.255701
211.363951
212.356822
212.465125
213.458951
213.567304
214.562077
214.670477
215.666191
215.774633
216.771280
216.879762
217.877335
217.985852
218.094164
218.202271
219.201234
219.309371
220.309241
221.309781
221.418173
222.419609
222.528020
223.530343
223.638769
224.641973
224.750411
225.754489
225.862935
226.867880
227.873469
227.982133
228.090584
228.198819
229.205686
229.313918
230.321627
230.429850
231.438395
232.447565
232.555978
233.565972
233.674367
234.685177
235.696601
235.805169
236.817398
236.925936
237.938963
238.047468
238.155750
239.169754
239.277999
240.292783
241.308159
241.416543
242.432688
242.541024
243.557931
244.575417
244.683876
245.702112
246.720921
246.829491
247.849038
248.869151
248.977820
249.086256
249.194457
250.215620
251.237338
251.345624
252.368051
253.391026
253.499385
254.523057
255.547270
255.655691
256.680589
257.706020
258.731983
258.840598
259.867229
260.894384
261.003035
261.111440
262.139387
262.247682
263.276277
264.305381
265.334993
265.443431
266.473673
267.504416
267.612852
268.644214
269.676068
270.708412
270.816954
270.925241
271.033274
271.141052
271.248575
271.355843
271.462856
271.569614
271.676117
271.782364
270.960410
271.065785
271.170906
271.275773
271.380384
271.484740
271.588841
270.762232
270.865468
270.968449
271.071176
271.173648
271.275865
271.377827
271.479534
271.580986
271.682182
270.849161
270.949501
271.049586
271.149417
271.248993
271.348314
271.447379
271.546190
271.644746
271.743046
270.903708
271.001160
271.098358
271.195301
271.291989
271.388422
271.484600
271.580523
271.676190
271.771603
270.926044
271.020617
271.114935
271.208999
271.302808
271.396362
271.489660
271.582704
271.675492
271.768025
270.916344
271.008046
271.099494
271.190687
271.281626
271.372309
271.462737
271.552911
271.642829
271.732492
270.874784
270.963626
271.052213
271.140545
271.228622
271.316444
271.404011
271.491324
271.578381
271.665183
270.801549
270.887538
270.973273
271.058753
271.143979
271.228950
271.313666
271.398127
271.482332
271.566283
271.649979
270.779968
270.862861
270.945500
271.027884
271.110013
271.191887
271.273507
271.354871
271.435981
271.516835
271.597435
271.677779
271.757868
270.880526
270.959824
271.038867
271.117655
271.196189
271.274468
271.352491
271.430260
271.507774
271.585033
271.662036
270.778576
270.854799
270.930767
271.006480
271.081938
271.157142
271.232091
271.306785
271.381224
271.455409
271.529338
271.603011
271.676430
271.749593
270.858592
270.930987
271.003127
271.075012
271.146643
271.218019
271.289140
271.360006
271.430618
271.500974
271.571075
271.640920
271.710511
271.779846
270.881492
270.950071
271.018396
271.086466
271.154281
271.221841
271.289147
271.356198
271.422993
271.489534
271.555819
271.621849
271.687624
271.753144
270.847628
270.912404
270.976926
271.041194
271.105206
271.168964
271.232467
271.295716
271.358709
271.421447
271.483930
271.546158
271.608131
271.669848
271.731311
270.818351
270.879084
270.939562
270.999786
271.059755
271.119470
271.178929
271.238134
271.297084
271.355779
271.414219
271.472404
271.530334
271.588008
271.645428
271.702592
271.759500
271.816154
270.894593
270.950533
271.006219
271.061650
271.116827
271.171748
271.226415
271.280827
271.334984
271.388886
271.442533
271.495925
271.549062
271.601943
271.654570
271.706941
271.759056
271.810917
270.881068
270.932232
270.983142
271.033796
271.084196
271.134342
271.184232
271.233868
271.283248
271.332374
271.381245
271.429861
271.478222
271.526327
271.574178
271.621773
271.669113
271.716197
271.763027
271.809600
271.855919
271.901982
270.962471
271.007858
271.052990
271.097868
271.142490
271.186858
271.230971
271.274829
271.318433
271.361781
271.404874
271.447712
271.490295
271.532623
271.574696
271.616514
271.658076
271.699383
271.740434
271.781231
271.821772
271.862057
270.913352
270.952982
270.992357
271.031478
271.070343
271.108955
271.147311
271.185412
271.223259
271.260851
271.298187
271.335269
271.372096
271.408668
271.444985
271.481047
271.516853
271.552405
271.587701
271.622742
271.657528
271.692058
271.726333
271.760353
271.794117
271.827626
270.868687
270.901564
270.934187
270.966556
270.998670
271.030529
271.062133
271.093483
271.124578
271.155418
271.186003
271.216333
271.246409
271.276230
271.305795
271.335106
271.364162
271.392963
271.421508
271.449799
271.477835
271.505615
271.533140
271.560410
271.587425
271.614185
271.640689
271.666938
271.692932
271.718671
271.744154
271.769382
271.794354
271.819071
271.843533
271.867739
271.891689
271.915384
270.942711
270.965810
270.988654
271.011244
271.033579
271.055660
271.077485
271.099056
271.120372
271.141434
271.162240
271.182792
271.203089
271.223131
271.242918
271.262450
271.281727
271.300750
271.319517
271.338029
271.356287
271.374289
271.392037
271.409529
271.426766
271.443749
271.460476
271.476948
271.493165
271.509126
271.524833
271.540284
271.555481
271.570422
271.585108
271.599538
271.613714
271.627634
271.641299
271.654708
271.667863
271.680762
271.693405
271.705794
271.717927
271.729804
271.741427
271.752794
271.763905
271.774761
271.785362
271.795708
271.805798
271.815632
271.825211
271.834535
271.843603
271.852416
271.860973
271.869275
271.877321
271.885112
271.892647
271.899927
271.906951
271.913719
271.920233
271.926490
271.932492
271.938239
271.943730
271.948965
271.953945
271.958669
271.963138
271.967351
271.971309
271.975011
271.978457
271.981648
271.984583
271.987263
271.989687
271.991855
271.993768
271.995425
271.996826
271.997972
271.998863
271.999497
271.999876
272.000000
271.999868
271.999480
271.998836
271.997937
271.996782
271.995371
271.993704
271.991782
271.989604
271.987171
271.984481
271.981536
271.978336
271.974879
271.971167
271.967199
271.962976
271.958496
271.953761
271.948771
271.943525
271.938023
271.932265
271.926252
271.919983
271.913458
271.906678
271.899643
271.892351
271.884804
271.877001
271.868943
271.860629
271.852060
271.843235
271.834154
271.824818
271.815226
271.805379
271.795276
271.784918
271.774304
271.763435
271.752310
271.740930
271.729294
271.717403
271.705256
271.692854
271.680196
271.667283
271.654115
271.640691
271.627012
271.613077
271.598887
271.584442
271.569741
271.554785
271.539574
271.524108
271.508386
271.492409
271.476177
271.459689
271.442946
271.425948
237.482608
234.474004
230.467871
227.459678
224.451671
221.443860
218.436251
215.428855
212.421679
210.411944
207.405161
204.398622
202.389329
199.383229
197.374238
194.368608
192.359946
190.351420
188.343033
186.334793
183.330343
181.322495
179.314810
177.307295
175.299956
174.288732
172.281672
170.274802
168.268130
166.261659
165.250884
163.244743
161.238820
160.228328
158.222764
157.212449
155.207261
154.197139
152.192347
151.182431
149.178054
148.168360
147.158732
145.154960
144.145575
144.130267
142.127033
141.117881
140.108812
139.099829
138.090935
136.088784
135.080188
134.071690
133.063293
132.055000
131.046813
130.038736
129.030771
128.022922
127.015190
126.007579
125.000091
123.992729
122.985497
121.978396
120.971430
119.964602
118.957914
117.951370
116.944971
116.929650
115.923421
114.917346
113.911426
112.905666
112.890334
111.884765
110.879363
109.874130
108.869069
108.853763
107.848915
106.844246
106.828917
105.824474
104.820217
103.816151
103.800857
102.797033
101.793405
101.778116
100.774743
100.759412
99.756300
98.753398
98.738089
97.735461
96.733049
96.717774
95.715648
95.700348
94.698516
94.683196
93.681664
92.680366
92.665104
91.664119
91.648847
90.648182
90.632904
89.632567
89.617286
88.617284
88.602004
87.602345
87.587071
86.587762
86.572496
85.573545
85.558291
84.559705
84.544468
83.546255
83.531038
83.515742
82.518011
82.502740
81.505399
81.490157
80.493214
80.478004
80.462718
79.466292
79.451043
79.435720
79.420322
79.404849
79.389302
79.373680
79.357984
79.342213
79.326367
79.310446
79.294452
79.278382
79.262238
80.224366
80.207871
80.191302
80.174657
80.157937
80.141141
80.124270
80.107324
80.090302
80.073205
80.056033
80.038785
80.021462
80.004064
79.986591
79.969043
79.951419
79.933720
79.915946
79.898097
79.880173
79.862174
79.844100
79.825950
79.807726
79.789426
79.771052
79.752602
79.734078
79.715478
79.696804
79.678055
79.659230
79.640331
79.621357
79.602308
79.583185
79.563986
79.544713
79.525365
79.505942
79.486444
79.466872
79.447225
79.427503
79.407707
79.387836
79.367890
79.347869
79.327774
79.307605
79.287361
79.267042
79.246649
79.226181
79.205639
79.185023
79.164332
79.143566
79.122726
79.101812
80.045224
80.023904
80.002509
79.981038
79.959493
79.937872
79.916176
79.894405
79.872559
79.850638
79.828642
79.806571
79.784424
79.762203
79.739907
79.717535
79.695089
79.672568
79.649972
79.627301
79.604555
79.581734
79.558839
79.535869
79.512823
79.489704
79.466509
79.443240
79.419896
79.396477
79.372984
79.349416
79.325774
79.302057
79.278265
79.254399
80.185042
80.160738
80.136358
80.111902
80.087372
80.062766
80.038085
80.013329
79.988497
79.963590
79.938608
79.913551
79.888419
79.863212
79.837929
79.812572
79.787139
79.761632
79.736049
46.497729
46.482718
46.467664
46.452566
46.437424
46.422239
46.407010
46.391737
46.376421
46.361061
46.345658
46.330211
46.314720
46.299186
45.339045
45.323743
45.308398
45.293011
45.277581
45.262108
45.246593
44.288722
44.273447
44.258130
44.242771
44.227371
44.211929
44.196446
43.240902
43.225667
43.210391
43.195074
43.179717
43.164320
43.148882
43.133403
42.180538
42.165317
42.150055
42.134755
42.119414
42.104034
42.088614
42.073155
41.123042
41.107849
41.092617
41.077347
41.062038
41.046690
41.031304
41.015880
40.068589
40.053439
40.038252
40.023027
40.007765
39.992465
39.977127
39.961752
39.946339
39.002264
38.987136
38.971972
38.956771
38.941533
38.926259
38.910948
38.895600
38.880216
37.939444
37.924355
37.909230
37.894070
37.878874
37.863642
37.848375
37.833072
37.817734
36.880351
36.865318
36.850249
36.835146
36.820009
36.804837
36.789630
36.774389
36.759113
36.743802
35.810246
35.795251
35.780222
35.765160
35.750064
35.734934
35.719771
35.704574
35.689344
35.674080
35.658783
34.729517
34.714547
34.699544
34.684508
34.669439
34.654338
34.639205
34.624039
34.608840
34.593609
34.578345
34.563049
34.547720
34.532359
34.516965
34.501539
34.486081
34.470590
34.455066
34.439511
34.423922
34.408302
33.487579
33.472307
33.457003
33.441668
33.426301
33.410903
33.395473
33.380012
33.364520
33.348996
33.333441
33.317854
32.402176
32.386950
32.371693
32.356406
32.341089
32.325741
32.310363
32.294954
32.279515
32.264046
32.248546
32.233016
32.217456
31.307369
31.292182
31.276965
31.261720
31.246444
31.231140
31.215806
31.200443
31.185050
31.169628
31.154177
31.138696
31.123187
30.218858
30.203734
30.188582
30.173402
30.158193
30.142956
30.127691
30.112397
30.097076
30.081725
30.066347
30.050940
30.035505
30.020042
29.122063
29.107000
29.091909
29.076791
29.061646
29.046474
29.031274
29.016046
29.000792
28.985510
28.970201
28.954865
28.939502
28.924111
28.032673
28.017696
28.002694
27.987664
27.972609
27.957527
27.942419
27.927284
27.912124
27.896937
27.881724
27.866484
27.851219
27.835927
27.820609
27.805265
26.921461
26.906546
26.891605
26.876639
26.861648
150.014889
150.925845
151.034441
151.142894
151.251206
151.359375
151.467402
151.575287
152.489854
152.598026
152.706055
153.622480
153.730791
153.838959
154.757229
154.865674
154.973975
155.894077
156.002652
156.111080
156.219361
156.327495
156.435482
157.358652
157.466906
157.575013
158.499981
158.608349
158.716569
159.643323
159.751800
159.860127
159.968304
160.897235
161.005664
161.113942
161.222069
161.330044
162.261530
162.369751
162.477820
163.411044
163.519354
163.627511
164.562460
164.670854
164.779093
165.715755
165.824227
165.932542
166.870905
166.979449
167.087835
167.196065
167.304137
167.412053
168.353242
168.461378
168.569356
169.512210
169.620404
170.564539
170.672945
170.781190
171.726968
171.835422
171.943714
172.891121
172.999617
173.107950
173.216120
173.324128
174.273875
174.382079
174.490120
175.441465
175.549698
175.657765
176.610695
176.718951
177.673103
177.781542
177.889815
178.845529
178.953982
179.910902
180.019530
180.127989
180.236278
180.344399
181.303540
181.411829
181.519948
182.480610
182.588894
183.550730
183.659175
183.767448
184.730782
184.839211
185.803704
185.912286
186.020693
186.128925
186.236983
187.203597
187.311800
187.419828
188.387898
188.496067
189.465264
189.573571
190.543890
190.652331
190.760593
191.732335
191.840726
192.813573
192.922090
193.896034
194.004674
194.113131
194.221406
194.329499
195.305433
195.413641
196.390651
196.498971
197.477050
197.585478
197.693721
198.673151
198.781497
199.761980
199.870426
200.851953
200.960496
201.068849
201.177013
202.160141
202.268396
202.376460
203.360891
203.469041
204.454487
204.562720
205.549175
205.657486
206.644944
206.753329
207.741782
207.850238
208.839679
208.948202
209.938624
210.047211
210.155600
210.263792
211.255701
211.363951
212.356822
212.465125
213.458951
213.567304
214.562077
214.670477
215.666191
215.774633
216.771280
216.879762
217.877335
217.985852
218.094164
218.202271
219.201234
219.309371
220.309241
221.309781
221.418173
222.419609
222.528020
223.530343
223.638769
224.641973
224.750411
225.754489
225.862935
226.867880
227.873469
227.982133
228.090584
228.198819
229.205686
229.313918
230.321627
230.429850
231.438395
232.447565
232.555978
233.565972
233.674367
234.685177
235.696601
235.805169
236.817398
236.925936
237.938963
238.047468
238.155750
239.169754
239.277999
240.292783
241.308159
241.416543
242.432688
242.541024
243.557931
244.575417
244.683876
245.702112
246.720921
246.829491
247.849038
248.869151
248.977820
249.086256
249.194457
250.215620
251.237338
251.345624
252.368051
253.391026
253.499385
254.523057
255.547270
255.655691
256.680589
257.706020
258.731983
258.840598
259.867229
260.894384
261.003035
261.111440
262.139387
262.247682
263.276277
264.305381
265.334993
265.443431
266.473673
267.504416
267.612852
268.644214
269.676068
270.708412
270.816954
270.925241
271.033274
271.141052
271.248575
271.355843
271.462856
271.569614
271.676117
271.782364
270.960410
271.065785
271.170906
271.275773
271.380384
271.484740
271.588841
270.762232
270.865468
270.968449
271.071176
271.173648
271.275865
271.377827
271.479534
271.580986
271.682182
270.849161
270.949501
271.049586
271.149417
271.248993
271.348314
271.447379
271.546190
271.644746
271.743046
270.903708
271.001160
271.098358
271.195301
271.291989
271.388422
271.484600
271.580523
271.676190
271.771603
270.926044
271.020617
271.114935
271.208999
271.302808
271.396362
271.489660
271.582704
271.675492
271.768025
270.916344
271.008046
271.099494
271.190687
271.281626
271.372309
271.462737
271.552911
271.642829
271.732492
270.874784
270.963626
271.052213
271.140545
271.228622
271.316444
271.404011
271.491324
271.578381
271.665183
270.801549
270.887538
270.973273
271.058753
271.143979
271.228950
271.313666
271.398127
271.482332
271.566283
271.649979
270.779968
270.862861
270.945500
271.027884
271.110013
271.191887
271.273507
271.354871
271.435981
271.516835
271.597435
271.677779
271.757868
270.880526
270.959824
271.038867
271.117655
271.196189
271.274468
271.352491
271.430260
271.507774
271.585033
271.662036
270.778576
270.854799
270.930767
271.006480
271.081938
271.157142
271.232091
271.306785
271.381224
271.455409
271.529338
271.603011
271.676430
271.749593
270.858592
270.930987
271.003127
271.075012
271.146643
271.218019
271.289140
271.360006
271.430618
271.500974
271.571075
271.640920
271.710511
271.779846
270.881492
270.950071
271.018396
271.086466
271.154281
271.221841
271.289147
271.356198
271.422993
271.489534
271.555819
271.621849
271.687624
271.753144
270.847628
270.912404
270.976926
271.041194
271.105206
271.168964
271.232467
271.295716
271.358709
271.421447
271.483930
271.546158
271.608131
271.669848
271.731311
270.818351
270.879084
270.939562
270.999786
271.059755
271.119470
271.178929
271.238134
271.297084
271.355779
271.414219
271.472404
271.530334
271.588008
271.645428
271.702592
271.759500
271.816154
270.894593
270.950533
271.006219
271.061650
271.116827
271.171748
271.226415
271.280827
271.334984
271.388886
271.442533
271.495925
271.549062
271.601943
271.654570
271.706941
271.759056
271.810917
270.881068
270.932232
270.983142
271.033796
271.084196
271.134342
271.184232
271.233868
271.283248
271.332374
271.381245
271.429861
271.478222
271.526327
271.574178
271.621773
271.669113
271.716197
271.763027
271.809600
271.855919
271.901982
270.962471
271.007858
271.052990
271.097868
271.142490
271.186858
271.230971
271.274829
271.318433
271.361781
271.404874
271.447712
271.490295
271.532623
271.574696
271.616514
271.658076
271.699383
271.740434
271.781231
271.821772
271.862057
270.913352
270.952982
270.992357
271.031478
271.070343
271.108955
271.147311
271.185412
271.223259
271.260851
271.298187
271.335269
271.372096
271.408668
271.444985
271.481047
271.516853
271.552405
271.587701
271.622742
271.657528
271.692058
271.726333
271.760353
271.794117
271.827626
270.868687
270.901564
270.934187
270.966556
270.998670
271.030529
271.062133
271.093483
271.124578
271.155418
271.186003
271.216333
271.246409
271.276230
271.305795
271.335106
271.364162
271.392963
271.421508
271.449799
271.477835
271.505615
271.533140
271.560410
271.587425
271.614185
271.640689
271.666938
271.692932
271.718671
271.744154
271.769382
271.794354
271.819071
271.843533
271.867739
271.891689
271.915384
270.942711
270.965810
270.988654
271.011244
271.033579
271.055660
271.077485
271.099056
271.120372
271.141434
271.162240
271.182792
271.203089
271.223131
271.242918
271.262450
271.281727
271.300750
271.319517
271.338029
271.356287
271.374289
271.392037
271.409529
271.426766
271.443749
271.460476
271.476948
271.493165
271.509126
271.524833
271.540284
271.555481
271.570422
271.585108
271.599538
271.613714
271.627634
271.641299
271.654708
271.667863
271.680762
271.693405
271.705794
271.717927
271.729804
271.741427
271.752794
271.763905
271.774761
271.785362
271.795708
271.805798
271.815632
271.825211
271.834535
271.843603
271.852416
271.860973
271.869275
271.877321
271.885112
271.892647
271.899927
271.906951
271.913719
271.920233
271.926490
271.932492
271.938239
271.943730
271.948965
271.953945
271.958669
271.963138
271.967351
271.971309
271.975011
271.978457
271.981648
271.984583
271.987263
271.989687
271.991855
271.993768
271.995425
271.996826
271.997972
271.998863
271.999497
271.999876
272.000000
271.999868
271.999480
271.998836
271.997937
271.996782
271.995371
271.993704
271.991782
271.989604
271.987171
271.984481
271.981536
271.978336
271.974879
271.971167
271.967199
271.962976
271.958496
271.953761
271.948771
271.943525
271.938023
271.932265
271.926252
271.919983
271.913458
271.906678
271.899643
271.892351
271.884804
271.877001
271.868943
271.860629
271.852060
271.843235
271.834154
271.824818
271.815226
271.805379
271.795276
271.784918
271.774304
271.763435
271.752310
271.740930
271.729294
271.717403
271.705256
271.692854
271.680196
271.667283
271.654115
271.640691
271.627012
271.613077
271.598887
271.584442
271.569741
271.554785
271.539574
271.524108
271.508386
271.492409
271.476177
271.459689
271.442946
271.425948
237.482608
234.474004
230.467871
227.459678
224.451671
221.443860
218.436251
215.428855
212.421679
210.411944
207.405161
204.398622
202.389329
199.383229
197.374238
194.368608
192.359946
190.351420
188.343033
186.334793
183.330343
181.322495
179.314810
177.307295
175.299956
174.288732
172.281672
170.274802
168.268130
166.261659
165.250884
163.244743
161.238820
160.228328
158.222764
157.212449
155.207261
154.197139
152.192347
151.182431
149.178054
148.168360
147.158732
145.154960
144.145575
144.130267
142.127033
141.117881
140.108812
139.099829
138.090935
136.088784
135.080188
134.071690
133.063293
132.055000
131.046813
130.038736
129.030771
128.022922
127.015190
126.007579
125.000091
123.992729
122.985497
121.978396
120.971430
119.964602
118.957914
117.951370
116.944971
116.929650
115.923421
114.917346
113.911426
112.905666
112.890334
111.884765
110.879363
109.874130
108.869069
108.853763
107.848915
106.844246
106.828917
105.824474
104.820217
103.816151
103.800857
102.797033
101.793405
101.778116
100.774743
100.759412
99.756300
98.753398
98.738089
97.735461
96.733049
96.717774
95.715648
95.700348
94.698516
94.683196
93.681664
92.680366
92.665104
91.664119
91.648847
90.648182
90.632904
89.632567
89.617286
88.617284
88.602004
87.602345
87.587071
86.587762
86.572496
85.573545
85.558291
84.559705
84.544468
83.546255
83.531038
83.515742
82.518011
82.502740
81.505399
81.490157
80.493214
80.478004
80.462718
79.466292
79.451043
79.435720
79.420322
79.404849
79.389302
79.373680
79.357984
79.342213
79.326367
79.310446
79.294452
79.278382
79.262238
80.224366
80.207871
80.191302
80.174657
80.157937
80.141141
80.124270
80.107324
80.090302
80.073205
80.056033
80.038785
80.021462
80.004064
79.986591
79.969043
79.951419
79.933720
79.915946
79.898097
79.880173
79.862174
79.844100
79.825950
79.807726
79.789426
79.771052
79.752602
79.734078
79.715478
79.696804
79.678055
79.659230
79.640331
79.621357
79.602308
79.583185
79.563986
79.544713
79.525365
79.505942
79.486444
79.466872
79.447225
79.427503
79.407707
79.387836
79.367890
79.347869
79.327774
79.307605
79.287361
79.267042
79.246649
79.226181
79.205639
79.185023
79.164332
79.143566
79.122726
79.101812
80.045224
80.023904
80.002509
79.981038
79.959493
79.937872
79.916176
79.894405
79.872559
79.850638
79.828642
79.806571
79.784424
79.762203
79.739907
79.717535
79.695089
79.672568
79.649972
79.627301
79.604555
79.581734
79.558839
79.535869
79.512823
79.489704
79.466509
79.443240
79.419896
79.396477
79.372984
79.349416
79.325774
79.302057
79.278265
79.254399
80.185042
80.160738
80.136358
80.111902
80.087372
80.062766
80.038085
80.013329
79.988497
79.963590
79.938608
79.913551
79.888419
79.863212
79.837929
79.812572
79.787139
79.761632
79.736049
46.497729
46.482718
46.467664
46.452566
46.437424
46.422239
46.407010
46.391737
46.376421
46.361061
46.345658
46.330211
46.314720
46.299186
45.339045
45.323743
45.308398
45.293011
45.277581
45.262108
45.246593
44.288722
44.273447
44.258130
44.242771
44.227371
44.211929
44.196446
43.240902
43.225667
43.210391
43.195074
43.179717
43.164320
43.148882
43.133403
42.180538
42.165317
42.150055
42.134755
42.119414
42.104034
42.088614
42.073155
41.123042
41.107849
41.092617
41.077347
41.062038
41.046690
41.031304
41.015880
40.068589
40.053439
40.038252
40.023027
40.007765
39.992465
39.977127
39.961752
39.946339
39.002264
38.987136
38.971972
38.956771
38.941533
38.926259
38.910948
38.895600
38.880216
37.939444
37.924355
37.909230
37.894070
37.878874
37.863642
37.848375
37.833072
37.817734
36.880351
36.865318
36.850249
36.835146
36.820009
36.804837
36.789630
36.774389
36.759113
36.743802
35.810246
35.795251
35.780222
35.765160
35.750064
35.734934
35.719771
35.704574
35.689344
35.674080
35.658783
34.729517
34.714547
34.699544
34.684508
34.669439
34.654338
34.639205
34.624039
34.608840
34.593609
34.578345
34.563049
34.547720
34.532359
34.516965
34.501539
34.486081
34.470590
34.455066
34.439511
34.423922
34.408302
33.487579
33.472307
33.457003
33.441668
33.426301
33.410903
33.395473
33.380012
33.364520
33.348996
33.333441
33.317854
32.402176
32.386950
32.371693
32.356406
32.341089
32.325741
32.310363
32.294954
32.279515
32.264046
32.248546
32.233016
32.217456
31.307369
31.292182
31.276965
31.261720
31.246444
31.231140
31.215806
31.200443
31.185050
31.169628
31.154177
31.138696
31.123187
30.218858
30.203734
30.188582
30.173402
30.158193
30.142956
30.127691
30.112397
30.097076
30.081725
30.066347
30.050940
30.035505
30.020042
29.122063
29.107000
29.091909
29.076791
29.061646
29.046474
29.031274
29.016046
29.000792
28.985510
28.970201
28.954865
28.939502
28.924111
28.032673
28.017696
28.002694
27.987664
27.972609
27.957527
27.942419
27.927284
27.912124
27.896937
27.881724
27.866484
27.851219
27.835927
27.820609
27.805265
26.921461
26.906546
26.891605
26.876639
26.861648
